Sensor Model:   CX-1080-SD-HT-20L
Serial Number:  X208461
Data Format:    4      (Log Ohms/Kelvin)
SetPoint Limit: 325      (Kelvin)
Temperature coefficient:  1 (Negative)
Number of Breakpoints:   100

No.   Units      Temperature (K)

  1  2.23372       331.514
  2  2.24718       325.000
  3  2.25993       319.000
  4  2.27078       314.000
  5  2.28413       308.000
  6  2.29662       302.500
  7  2.30822       297.500
  8  2.32009       292.500
  9  2.33343       287.000
 10  2.34709       281.500
 11  2.35980       276.500
 12  2.37279       271.500
 13  2.38609       266.500
 14  2.39971       261.500
 15  2.41363       256.500
 16  2.42788       251.500
 17  2.44246       246.500
 18  2.45740       241.500
 19  2.47271       236.500
 20  2.48842       231.500
 21  2.50452       226.500
 22  2.52104       221.500
 23  2.53800       216.500
 24  2.55541       211.500
 25  2.57329       206.500
 26  2.58980       202.000
 27  2.60674       197.500
 28  2.62412       193.000
 29  2.64195       188.500
 30  2.66026       184.000
 31  2.67906       179.500
 32  2.69839       175.000
 33  2.71826       170.500
 34  2.73872       166.000
 35  2.75978       161.500
 36  2.77906       157.500
 37  2.79884       153.500
 38  2.81920       149.500
 39  2.84016       145.500
 40  2.86174       141.500
 41  2.88397       137.500
 42  2.90688       133.500
 43  2.93052       129.500
 44  2.95494       125.500
 45  2.97702       122.000
 46  2.99976       118.500
 47  3.02323       115.000
 48  3.04746       111.500
 49  3.07249       108.000
 50  3.09838       104.500
 51  3.12521       101.000
 52  3.14503        98.500
 53  3.16123        96.500
 54  3.17779        94.500
 55  3.19472        92.500
 56  3.21203        90.500
 57  3.22976        88.500
 58  3.24791        86.500
 59  3.26651        84.500
 60  3.28558        82.500
 61  3.30514        80.500
 62  3.32523        78.500
 63  3.34586        76.500
 64  3.36706        74.500
 65  3.38886        72.500
 66  3.41132        70.500
 67  3.43447        68.500
 68  3.45835        66.500
 69  3.48301        64.500
 70  3.50848        62.500
 71  3.53482        60.500
 72  3.56072        58.600
 73  3.58611        56.800
 74  3.61234        55.000
 75  3.63949        53.200
 76  3.66764        51.400
 77  3.69359        49.800
 78  3.72042        48.200
 79  3.74820        46.600
 80  3.77701        45.000
 81  3.80697        43.400
 82  3.83812        41.800
 83  3.87054        40.200
 84  3.90221        38.700
 85  3.93300        37.300
 86  3.96503        35.900
 87  3.99842        34.500
 88  4.03329        33.100
 89  4.06715        31.800
 90  4.10249        30.500
 91  4.13949        29.200
 92  4.17826        27.900
 93  4.21586        26.700
 94  4.25528        25.500
 95  4.29328        24.400
 96  4.33324        23.300
 97  4.37537        22.200
 98  4.41981        21.100
 99  4.46718        20.000
100  4.55698        18.081
